Week,Forecast,Production,IOH,Holding Cost,Set-Up Costs,Total Cost
1,200,2000,1800,1800,500,2300
2,150,0,1650,1650,0,1650
3,100,0,1550,1550,0,1550
4,50,0,1500,1500,0,1500
5,50,0,1450,1450,0,1450
6,100,0,1350,1350,0,1350
7,150,0,1200,1200,0,1200
8,200,0,1000,1000,0,1000
9,200,0,800,800,0,800
10,250,0,550,550,0,550
11,300,0,250,250,0,250
12,250,0,0,0,0,0
Total,2000,2000,13100,13100,500,13600
