Month,Forecast,Production,IOH,Holding Cost,Set-Up Costs,Total Cost
1,200,400,200,200,500,700
2,150,400,50,50,500,550
3,100,400,-50,-50,500,450
4,50,400,-100,-100,500,400
5,50,400,-150,-150,500,350
6,100,400,-250,-250,500,250
7,150,400,-400,-400,500,100
8,200,400,-600,-600,500,-100
9,200,400,-800,-800,500,-300
10,250,400,-1050,-1050,500,-550
11,300,400,-1350,-1350,500,-850
12,250,400,-1600,-1600,500,-1100
Total,2000,4800,-6100,-6100,6000,-100
